111111111111111111111111111111111111111111111111111111111111111111111111
111111111111111111111111111111111111111111111111111111111111111111111111
111111111111111111111111111111111111111111111111111111111111111111111111
111111111111111111111111111111111111111111111111111111111111111111111111
111111111111111111111111111111111111111111111111111111111111111111111111
111111111111111111111111111111111111111111111111111111111111111111111111
111111111111111111111110000000000000000000000000011111111111111111111111
111111111111111111110001111111111111111111111111100011111111111111111111
111111111111111111001111111111111111111111111111111100111111111111111111
111111111111111110111111111111111111111111111111111111011111111111111111
111111111111111101111100011111111111111111111111111111101111111111111111
111111111111111011111111111111111111111111111111111111110111111111111111
111111111111100011111111111111111100111111111111111111110001111111111111
111111111111011111111111111111111100111111111111111111111110111111111111
111111111111011111111111111111111111111111111111111111111110111111111111
111111111111011111111111111111111111111111111110000011111110111111111111
111111111111011111111111111111111111111111111111111111111110111111111111
111111111111011111111111111111111111111111111111111111111110111111111111
111111111111011111111111111111111111111111111111111111111110111111111111
111111111111000111111111111100000000111111111111111111111110111111111111
111111111111011111111111111111111111111111111111111111111110111111111111
111111111111011111111111111111111111111111111111111111111110111111111111
111111111111011111111111111111111111111111111111100011111110111111111111
111111111111011111110111111111111111111111111111111111111110111111111111
111111111111011111111000111111111111111111111111111111111110111111111111
111111111111011111111111111111110011111111111111111111111110111111111111
111111111111100011111111111111110011111111111111111111110001111111111111
111111111111111011111111111111111111111111100011111111110111111111111111
111111111111111101111111111111111111111111111111111111101111111111111111
111111111111111110111111111111111111111111111111111111011111111111111111
111111111111111111001111111111111111111111111111111100111111111111111111
111111111111111111110001111111111111111111111111100011111111111111111111
111111111111111111111110000000000000000000000000011111111111111111111111
111111111111111111111111111111111111111111111111111111111111111111111111
111111111111111111111111111111111111111111111111111111111111111111111111
111111111111111111111111111111111111111111111111111111111111111111111111
111111111111111111111111111111111111111111111111111111111111111111111111
111111111111111111111111111111111111111111111111111111111111111111111111
111111111111111111111111111111111111111111111111111111111111111111111111